                    two_line_org two_line_org_bc  one_line_org one_line_org_bc     one_line_org_cyl two_line_org_cyl  one_line_org_cyl_bc
No. Observations           392.0           392.0         392.0           392.0                392.0            392.0                392.0
df_model                     8.0             8.0          20.0            20.0                 38.0             11.0                 38.0
df_resid                   383.0           383.0         371.0           371.0                353.0            380.0                353.0
R-squared               0.824199        0.874108      0.867039        0.894487             0.897934         0.846916             0.912224
Adj. R-squared          0.820527        0.871478      0.859871        0.888799             0.886947         0.842484             0.902775
F-statistic           224.450686      332.411443    120.964648      157.257832            81.725067       191.117538            96.542167
Prob (F-statistic)           0.0             0.0           0.0             0.0                  0.0              0.0                  0.0
Log-Likelihood      -1020.463913       41.876731   -965.722185       76.488455           -913.89242      -993.345069           112.561449
fvalue                224.450686      332.411443    120.964648      157.257832            81.725067       191.117538            96.542167
f_pvalue                     0.0             0.0           0.0             0.0                  0.0              0.0                  0.0
use_t                       True            True          True            True                 True             True                 True
AIC                  2058.927826      -65.753462    1973.44437     -110.976909          1905.784841      2010.690139          -147.122899
BIC                  2094.669182      -30.012105   2056.840868      -27.580411          2060.664052      2058.345281             7.756313
mse_model            2453.950224       16.087885   1032.599874        6.585183           562.839168      1833.880022             3.534612
mse_resid              10.933138        0.048398      8.536377        0.041875             6.886983         9.595561             0.036612
mse_total              60.918142        0.376571     60.918142        0.376571            60.918142        60.918142             0.376571
ssr                  4187.391678       18.536245   3166.995981       15.535653          2431.105092       3646.31323            12.924073
uncentered_tss         239305.74     7220.181434     239305.74     7220.181434            239305.74        239305.74          7220.181434
centered_tss        23818.993469      147.239322  23818.993469      147.239322         23818.993469     23818.993469           147.239322
eigen_val_min          11.471978       11.471978      0.362317        0.362317                  0.0          0.58794                  0.0
eigen_val_max         1685.20611      1685.20611   1759.036465     1759.036465          2234.086253       1470.59275          2234.086253
condition_number       12.120133       12.120133     69.677536       69.677536  13864157875987846.0        50.012624  13864157875987846.0