                   model_cubic_all        model_rcs_all model_bspline_all model_cubic_disp model_cubic_hp model_cubic_wgt model_cubic_acc model_cubic_myr
No. Observations             392.0                392.0             392.0            392.0          392.0           392.0           392.0           392.0
df_model                      21.0                 16.0              21.0              9.0            9.0             9.0             9.0             9.0
df_resid                     370.0                375.0             370.0            382.0          382.0           382.0           382.0           382.0
R-squared                 0.906788             0.904394          0.906788           0.8905       0.884706        0.883842        0.873653        0.877659
Adj. R-squared            0.901498             0.900315          0.901498          0.88792       0.881989        0.881106        0.870677        0.874777
F-statistic             171.402583           221.710292        171.402583        345.17484     325.695079      322.959594       293.49217      304.491439
Prob (F-statistic)             0.0                  0.0               0.0              0.0            0.0             0.0             0.0             0.0
Log-Likelihood          100.784447            95.814488        100.784447        69.218002      59.111923       57.650095       41.170179       47.484808
fvalue                  171.402583           221.710292        171.402583        345.17484     325.695079      322.959594       293.49217      304.491439
f_pvalue                       0.0                  0.0               0.0              0.0            0.0             0.0             0.0             0.0
use_t                         True                 True              True             True           True            True            True            True
AIC                    -157.568893          -157.628976       -157.568893      -118.436004     -98.223847      -95.300189      -62.340358      -74.969616
BIC                     -70.201133           -90.117525        -70.201133       -78.723386     -58.511228      -55.587571       -22.62774      -35.256998
mse_model                 6.357851             8.322651          6.357851        14.568507      14.473716       14.459596       14.292904       14.358437
mse_resid                 0.037093             0.037538          0.037093         0.042206       0.044439        0.044772        0.048699        0.047155
mse_total                 0.376571             0.376571          0.376571         0.376571       0.376571        0.376571        0.376571        0.376571
ssr                      13.724443            14.076903         13.724443        16.122756      16.975877       17.102962       18.603186        18.01339
uncentered_tss         7220.181434          7220.181434       7220.181434      7220.181434    7220.181434     7220.181434     7220.181434     7220.181434
centered_tss            147.239322           147.239322        147.239322       147.239322     147.239322      147.239322      147.239322      147.239322
eigen_val_min             0.207253                  0.0          0.207253         0.533259       0.501565        0.673535        0.369227        3.297474
eigen_val_max           924.215562          1179.159902        924.215562      1348.468633    1348.607893     1382.969921     1526.134033      1601.10611
condition_number         66.778461  26388328383891892.0         66.778461        50.286472      51.853646       45.313358       64.290887        22.03532